continentID, neigborIDs, regionName, regionID
0,25,27,"sdasd",0
3,2,3,25,"dsa",1
3,1,3,4,9,"ddsd",2
3,1,2,4,5,"dsds",3
3,2,3,5,6,7,9,"sdsd",4
3,3,4,6,8,"sdsadsd",5
3,4,5,7,8,"ssd",6
3,4,6,9,"ddsdd",7
3,5,6,10,"dsdss",8
3,2,4,7,14,"ewewewe",9
1,8,11,12,"fsdsasad",10
1,10,12,13,33,"dsadasds",11
1,10,11,13,"dsdsd",12
1,11,12,"b",13
5,9,15,17,"a",14
5,14,16,17,18,"c",15
5,15,18,19,"d",16
5,14,15,18,20,"e",17
5,15,16,17,19,20,"e",18
5,16,18,20,31,32,"e",19
5,17,18,19,21,22,"e",20
0,20,22,23,28,"e",21
0,20,21,28,30,31,"e",22
0,21,24,26,27,28,"e",23
0,23,25,26,"e",24
0,0,1,24,26,27,"e",25
0,23,24,25,27,"e",26
0,0,23,25,26,28,"e",27
0,21,22,23,27,29,30,"e",28
0,28,30,39,38,"e",29
0,22,28,29,31,"e",30
0,19,22,30,32,34,"e",31
2,31,33,34,19,"e",32
2,11,16,32,34,35,"e",33
2,31,32,33,35,36,"e",34
2,33,34,36,"e",35
2,34,35,37,"e",36
2,36,"e",37
4,39,40,29,"e",38
4,38,41,29,"e",39
4,38,41,"e",40
4,39,40,"e",41